      ОЦЕНКА ЗНАКОВ     МЕСТО  1  ШАГ 1  ГРАНИЦА  3.10  


  СУММАРНЫЙ ОБ'ЕМ  4510  ХИ-КВАДРАТ  СУММАРНЫЙ =  132.68 ,  СРЕДНИЙ =  132.68  
                         КВАНТИЛЬ    СУММАРНЫЙ =   13.61 ,  СРЕДНИЙ =   13.61  

   А   Б   В   Г   Д   Е   Ж   З   И   К   Л   М   Н   О   П   Р
 170 170 194 154 140 179 147  89 138 134 124 119 109 151 149 146

   С   Т   У   Ф   Х   Ц   Ч   Ш   Щ   Ь   Ы   Э   Ю   Я
 113 158 151 137 132 145 211 184 152 173 156 182 165 138




        ПОИСК  ПЕРИОДИЧНОСТИ  2 -  70  ГРАНИЦА -3.00  РЕЖИМ 1   С 1 МЕСТА

  СУММАРНО  
               2     -1.51    
               3     -1.25    
               4     -1.79    
               5     -0.61    
               6     -1.65    
               7     -0.71    
               8     -2.06    
               9     -1.90    
              10     -0.36    
              11     -0.56    
              12     -1.59    
              13     -0.89    
              14     -1.66    
              15     -0.44    
              16     -2.18    
              17     86.88    
              18     -2.52    
              19     -0.89    
              20     -1.45    
              21     -0.44    
              22     -0.41    
              23     -0.65    
              24     -2.02    
              25     -1.93    
              26     -1.05    
              27     -0.07    
              28     -0.99    
              29     -0.92    
              30     -1.26    
              31     -1.42    
              32     -1.84    
              33      0.69    
              34     67.41    
              35     -0.13    
              36     -2.54    
              37     -1.66    
              38     -0.59    
              39     -1.84    
              40     -2.29    
              41     -1.17    
              42     -1.76    
              43     -0.64    
              44     -1.15    
              45     -0.45    
              46     -0.49    
              47      0.30    
              48     -1.68    
              49     -1.28    
              50     -1.60    
              51     55.67    
              52     -0.99    
              53     -1.32    
              54     -0.00    
              55     -0.82    
              56     -1.53    
              57     -1.88    
              58     -1.19    
              59     -0.44    
              60     -1.58    
              61     -1.59    
              62     -2.31    
              63      0.12    
              64     -1.81    
              65     -1.33    
              66      0.24    
              67     -1.61    
              68     49.72    
              69     -0.66    
              70     -0.67    

СУММАРНО : ОБ'ЕМ 4510  ПЕРИОД 17  СТАТ.   86.88

      1   2   3   4   5   6   7   8   9  10  11  12  13  14  15  16  17         
  ┌─────────────────────────────────────────────────────────────────────┐       
А │  25   7   8  16   4  25   .   4   3   6   6   1  13   1  25   5  21 │    10 
Б │  10   7  10   5  23   5   3  22   1  20   2   8   9   4   6  10  25 │    10 
В │  11  16  30  13  12  19   2  22   4   7   2   1  25   7   1  19   3 │    11 
Г │   7  30   .   8   7  11  27   6   1  15   .   2   4   2   2  20  12 │     9 
Д │  17  10   5  12   7  24   6  10   3   2   7   6   .   2   4   6  19 │     8 
Е │  31  18  26  11  14   2   7  23   6   5   2   4   2   7   4   3  14 │    11 
Ж │   7  17   9   2  35   .   4  14   3  17   2   1   1  22   3   3   7 │     9 
З │   7  12  12   5  14   2   7   9   1   1   3   3   2   6   2   2   1 │     5 
И │  22   2   7  22  17   2  27   .   2   4   7   4   1  10   4   3   4 │     8 
К │  14   2  16   9  13   3   3   4   5  28   .  26   2   1   5   3   . │     8 
Л │   4   6  34  16  14   1   5   .  20   9   1   3   2   7   .   .   2 │     7 
М │   4   1   8  11   7   1  24   2   4  10   9   7   2  22   1   3   3 │     7 
Н │   2   6  19  13   1   4   6   2   9   8  20   6   .   4   4   5   . │     6 
О │   1   5  18  42   2   5  11   .   7  15   4   9   1   3  18   1   9 │     9 
П │   5   1  12   3   .   1   9   4   5  32   9  23   7  27   4   .   7 │     9 
Р │   3   6   7  17   5   2  15  10  22   9   5   2  20  12  10   1   . │     9 
С │   1   3   1  17   .   4  25   1   1  14   5   1   4   6   4  26   . │     7 
Т │   6   .   3  21   2  17   2   2   7  18  23  22  15   7   3   3   7 │     9 
У │   4   1   .   3   3   5  12   3  25  14   2   9   5  12  28  13  12 │     9 
Ф │   .   3   2   .   5   9  17  22   4  11   4   6  11  27   7   7   2 │     8 
Х │   1  19   .   3   .   6  19   3   6   4  18   8  19   5   4   7  10 │     8 
Ц │   6   3   .   1   1   8   5  11   5   4   9  20   2  15  31  19   5 │     9 
Ч │  30  12   2   3   3  35   1   4  20   .  17  31   6  24  11   1  11 │    12 
Ш │   2   2   4   3  25   5   3  13  33   1   7   7  24  14  11   4  26 │    11 
Щ │  16   6   .   .   8   7   4  19   4   .  19  13  12   9   8  26   1 │     9 
Ь │   2  25   .   3  11  22   4   2  19   .  27  17  11   .  18   7   5 │    10 
Ы │   7   4   3   4   5   8   5   6  11   7   6  17   7   3  26   9  28 │     9 
Э │  15   5  16   1   8  14   2  29  29   2  13   5  19   1   4   7  12 │    11 
Ю │   2  27   3   .  17   6   4  10   3   1  18   1  28   3  10  19  13 │    10 
Я │   4  10  11   2   3  12   6   8   2   1  18   2  11   2   7  33   6 │     8 
  └─────────────────────────────────────────────────────────────────────┘       

